1.146, 0.328, -8.546, -0.089, 0.005,
4.366, 1.157, -13.829, 0.116, -0.006, 
0.810, -0.311, -7.021, -0.075, 0.004,
3.172, -0.174, -5.058, -0.187, 0.009,
-1.479, -0.780, -1.287, -0.020, 0.000,
1.458, -0.415, -3.557, -0.022, 0.001,
2.077, 0.687, -8.094, 0.172, -0.009,
3.040, 0.738, -6.905, 0.153, -0.008,
3.220, 0.828, -5.282, 0.205, -0.011,
1.122, -1.054, -2.031, -0.008, 0.000, 
0.336, 0.639, -1.525, -0.014, 0.001,
-0.179, -0.091, -1.623, -0.053, 0.003,
0.884, -0.643, 0.616, -0.132, 0.006,
-0.687, -0.963, 0.145, -0.148, 0.007,
0.286, -1.871, -1.813, -0.144, 0.006,
1.644, 0.542, -2.773, 0.052, -0.002,
-0.128, 0.238, -2.299, 0.078, -0.004,
-0.600, 0.231, -1.370, 0.004, 0.000,
-0.492, -1.201, -3.915, -0.116, 0.005,
-7.781, -1.540, -3.307, 0.021, -0.001,
-8.274, -2.741, -7.222, -0.095, 0.005,
-9.407, -4.337, -1.085, -0.264, 0.012,
-6.113, -2.034, -15.255, -0.073, 0.004,
-5.328, -1.309, -13.101, -0.003, 0.000