CO2-CO2 
20.35 16.45 15.50 13.58 11.92 10.69 10.32 10.02 9.57 9.21 8.59 8.15 
CO2-N2 
16.24 13.91 13.32 12.03 10.74 9.49 9.08 8.74 8.20 7.79 7.06 6.56 
CO2-O2 
15.74 13.35 12.76 11.47 10.23 9.15 8.80 8.53 8.10 7.77 7.19 6.79 
CO2-CO 
16.24 13.92 13.32 12.03 10.74 9.50 9.08 8.74 8.21 7.79 7.07 6.56 
CO2-NO 
16.16 13.68 13.05 11.72 10.44 9.30 8.92 8.62 8.14 7.78 7.13 6.68 
CO2-CN 
x 14.22 13.76 12.64 11.14 9.77 9.33 8.99 8.47 8.07 7.37 6.89
CO2-C 
x 12.48 12.08 10.98 9.62 8.36 7.95 7.62 7.15 6.78 6.14 5.71 
CO2-N 
13.17 11.36 x 9.87 8.81 7.87 7.59 7.35 6.99 6.72 6.22 5.88
CO2-O 
x 10.44 10.13 9.29 8.22 7.23 6.92 6.66 6.28 6.01 5.49 5.15 
N2-CO 
13.67 12.18 11.77 10.81 9.57 8.16 7.70 7.33 6.75 6.31 5.54 5.02 
N2-CN 
x 12.83 12.30 11.03 9.37 7.86 7.39 7.03 6.47 6.05 5.32 4.84
N2-C 
13.58 x 11.36 10.18 8.77 7.46 x 6.78 6.28 5.94 x x 
O2-CO 
13.11 11.60 11.19 10.25 9.13 7.93 7.54 7.23 6.73 6.36 5.70 5.25 
O2-CN 
x 11.42 11.05 10.02 8.78 7.61 7.24 6.95 6.51 6.18 5.59 5.20
O2-C 
x 9.62 9.29 8.41 7.31 6.26 5.94 5.69 5.30 5.01 4.50 4.16 
CO-CO 
13.67 12.18 11.77 10.81 9.57 8.16 7.70 7.33 6.75 6.31 5.54 5.01 
CO-NO 
13.43 11.87 11.44 10.48 9.32 8.04 7.61 7.27 6.74 6.33 5.62 5.14 
CO-CN 
x 11.68 11.31 10.20 8.89 7.65 7.27 6.96 6.50 6.15 5.53 x
CO-C 
x 10.48 10.08 9.07 7.80 6.63 6.26 5.98 5.54 5.21 4.63 x 
CO-N 
11.80 10.24 x 8.85 7.71 6.59 6.24 5.94 5.43 5.02 4.24 3.69
CO-O 
x 8.61 8.29 7.46 6.42 5.46 5.17 4.93 4.58 4.31 3.84 3.52 
NO-CN 
x 12.00 11.56 10.49 9.05 7.73 7.33 7.01 6.51 6.14 5.50 5.06
NO-C 
x 9.34 8.98 8.10 6.93 5.86 5.54 5.28 4.88 4.58 4.07 3.72
CN-CN 
x 12.50 12.02 10.85 9.28 7.85 7.42 7.07 6.54 6.14 5.44 4.98
CN-C
x 9.72 9.32 8.36 7.10 5.94 5.59 5.31 4.88 4.56 4.01 3.64
CN-N 
x 10.33 9.90 8.76 7.32 6.00 5.60 5.29 4.81 4.46 3.84 3.44
CN-O 
x 9.09 8.76 7.87 6.79 5.78 5.47 5.23 4.85 4.57 4.07 3.74
C-C 
13.44 11.50 10.93 9.44 7.77 6.31 5.92 5.60 5.11 4.71 3.94 3.38 
C-N 
10.31 8.67 8.33 7.33 6.29 5.33 5.07 4.87 4.53 4.26 3.71 3.27 
C-O 
11.36 9.79 x x 7.06 5.87 x 5.17 4.69 4.30 3.57 3.18
C-N+ 
30.52 23.53 x 15.37 10.21 7.70 7.22 6.90 6.46 6.17 5.72 x
C-O+ 
30.47 23.54 x 15.31 9.86 7.16 6.66 6.33 5.87 5.58 5.13 x 
C-C+ 
30.47 23.59 x 15.60 10.70 8.33 7.87 7.57 7.13 6.84 6.39 x 
O2-C+ 
29.63 22.64 x 14.68 10.00 7.74 7.30 7.00 6.56 6.27 5.80 5.48 
CO-N+ 
32.65 25.30 x 16.38 10.55 7.69 7.15 6.79 6.29 5.96 5.46 x 
CO-O+ 
32.45 25.23 x 16.37 10.26 7.21 6.64 6.26 5.75 5.42 4.92 x 
CO-C+ 
33.13 25.50 x 16.56 10.98 8.26 7.74 7.39 6.89 6.57 6.05 x 
CO-CO+ 
37.73 29.22 x 20.66 14.61 10.33 9.24 8.44 7.31 6.53 5.34 x 
N-C+ 
24.47 18.36 x 12.11 8.81 7.22 6.89 6.66 6.32 6.06 5.70 x 
O-C+ 
20.85 15.31 x 10.25 7.74 6.49 6.21 6.01 5.70 5.48 5.12 x 
CN-CN+ 
38.21 29.60 x 20.93 14.80 10.46 9.36 8.54 7.40 6.62 5.40 x 
e-CO2 
x x x 6.50 3.10 1.54 1.37 1.32 1.35 1.43 1.62 1.74 
e-CO 
x x x 2.94 4.13 6.31 6.81 6.93 6.58 6.01 4.79 4.021
e-CN 
x x x 2.94 4.13 6.31 6.81 6.93 6.58 6.01 4.79 4.02 
e-C 
x x x x 8.86 6.57 5.95 5.56 5.11 4.86 4.30