CO2_CO2 
17.35 14.39 13.66 12.12 10.66 9.47 9.13 8.86 8.44 8.12 7.54 7.15
CO2_N2 
14.17 12.36 11.88 10.77 9.52 8.25 7.86 7.54 7.05 6.68 6.04 5.60 
CO2_O2 
13.68 11.84 11.36 10.27 9.08 7.97 7.64 7.38 6.98 6.69 6.17 5.82 
CO2_CO 
14.18 12.36 11.88 10.77 9.52 8.26 7.86 7.54 7.05 6.68 6.04 5.60 
CO2_NO 
14.03 12.11 11.62 10.49 9.28 8.04 7.67 7.37 6.93 6.61 6.04 5.66 
CO2_CN
x 12.41 11.99 10.96 9.59 8.34 7.95 7.65 7.17 6.82 6.19 5.77 
CO2_C
x 10.84 10.50 9.52 8.22 7.08 6.72 6.41 6.00 5.67 5.10 4.71 
CO2_N
12.00 10.33 x 8.87 7.80 6.89 6.61 6.40 6.05 5.79 5.34 5.02 
CO2_O
x 9.15 8.88 8.12 7.11 6.19 5.91 5.68 5.34 5.09 4.62 4.33 
N2_CO
14.17 12.36 11.88 10.77 9.52 8.25 7.86 7.54 7.05 6.68 6.04 5.60 
N2_CN
x 10.90 10.43 9.29 7.81 6.47 6.07 5.75 5.26 4.90 4.27 3.86 
N2_C
12.28 x 10.28 9.22 7.85 6.64 x 5.96 5.47 5.07 x x 
O2_CO
11.60 10.37 10.02 9.15 7.96 6.76 6.40 6.12 5.69 5.36 4.80 4.42 
O2_CN
x 9.90 9.56 8.62 7.49 6.44 6.11 5.85 5.45 5.16 4.64 4.29 
O2_C
x 8.33 8.01 7.21 6.222 5.26 4.97 4.74 4.40 4.15 3.70 3.40 
CO_CO
12.12 10.90 10.54 9.63 8.41 7.09 6.67 6.33 5.81 5.42 4.74 4.29 
CO_NO
11.88 10.60 10.24 9.35 8.12 6.82 6.40 6.12 5.66 5.31 4.71 4.30 
CO_CN
x 10.07 9.74 8.73 7.55 6.44 6.10 5.83 5.41 5.10 4.56 x 
CO_C
x 9.01 8.62 7.72 6.57 5.51 5.19 4.94 4.55 4.27 3.77 x 
CO_N
10.54 9.09 x 7.69 6.53 5.43 5.06 4.76 4.29 3.92 3.26 2.82 
CO_O
x 7.40 7.11 6.37 5.42 4.55 4.29 4.09 3.77 3.53 3.12 2.85 
NO_CN
x 10.31 9.91 8.94 7.64 6.47 6.11 5.82 5.39 5.06 4.50 4.12
NO_C
x 7.97 7.65 6.86 5.82 4.87 4.58 4.35 4.00 3.74 3.29 3.00 
CN_CN
x 10.67 10.24 9.19 7.79 6.52 6.13 5.83 5.36 5.01 4.41 4.01 
CN_C
x 8.25 7.90 7.03 5.91 4.88 4.58 4.34 3.97 3.69 3.21 2.90 
CN_N
x 8.68 8.30 7.29 6.02 4.87 4.53 4.26 3.85 3.54 3.02 2.68
CN_O
x 7.79 7.50 6.69 5.72 4.82 4.55 4.33 4.00 3.75 3.32 3.03
C_C
12.34 10.50 9.96 8.66 7.14 5.84 5.43 5.11 4.59 4.17 3.40 2.86 
C_N
9.17 7.65 7.25 6.43 5.63 4.81 4.54 4.33 3.98 3.69 3.13 2.72 
C_O
10.35 8.82 x x 6.49 5.29 x 4.56 4.08 3.70 3.02 2.66 
C_N+
29.88 21.86 x 13.82 9.25 6.97 6.50 6.19 5.76 5.47 5.02 x 
C_O+
29.77 21.90 x 13.70 8.86 6.45 5.96 5.64 5.20 4.91 4.46 x 
C_C+
52.37 46.62 x 40.92 36.78 33.50 32.58 31.86 30.79 29.99 28.63 27.70 
O2_C+
28.30 20.70 x 13.17 9.03 6.96 6.52 6.22 5.80 5.51 5.04 4.73 
CO_N+
32.39 23.64 x 14.65 9.46 6.88 6.36 6.00 5.53 5.21 4.70 x 
CO_O+
32.38 23.79 x 14.62 9.15 6.42 5.88 5.52 5.03 4.71 4.21 x 
CO_C+
31.97 23.48 x 14.82 9.89 7.42 6.91 6.56 6.09 5.76 5.24 x 
CO_CO+
40.94 34.48 x 28.47 24.62 22.20 21.61 21.16 20.59 20.23 19.90 x 
N_C+
22.94 16.66 x 10..98 8.04 6.54 6.21 5.98 5.65 5.41 5.02 x 
O_C+
19.40 13.87 x 9.30 7.03 6.25 5.54 5.34 5.04 4.82 4.46 x 
CN_CN+
41.30 34.75 x 28.63 24.71 22.25 21.65 21.20 20.62 20.25 19.92 x
e_CO2
x x x 9.61 4.59 2.20 1.83 1.65 1.51 1.48 1.57 1.71
e_CO
x x x 3.45 4.63 6.30 6.71 6.86 6.68 6.23 5.14 4.39
e_CN
x x x 3.45 4.63 6.30 6.71 6.86 6.68 6.23 5.14 4.39
e_C
x x x x 8.24 6.44 5.63 5.03 4.28 3.87 3.40 x